dayslowpacing 435
dayslucinwhy 92 2244
dayslumbers 2090
dayslxi 1892
daysmake 2031
daysman 1799
daysmarklook 1837
daysmarlowone 154 325 2074 2244
daysmartaking 1073 2243
daysmat 143 2244
daysmay 298 739 1154 1758 2243 2244
daysme 293 2244
daysmean 1090 1296 1658 2242 2243
daysmelvils 2028
daysmen 1833 2031
daysmic 1515
daysmight 123 2244
daysmiles 1730
daysmiss 899 2243
daysmix 1450
daysmixd 415 416 2244
daysmoke 619 2244
daysmona 1906
daysmooth 180 372 2244
daysmore 221 2244
daysmorwas 1842
daysmost 2213
daysmountfi 708 2244
daysmr 242 874 1095 1411 2243 2244
daysmrs 323 976 1597 2243 2244
daysmuch 272 1592 2244
daysmust 1450
daysmy 521 533 1115 1266 1276 1277 1378 1524 1653 1661 1832 1874 1914 2242 2243 2244
daysnairnes 1521
daysnames 532 2244
daysnannywe 1464
daysnareo 169 2244
daysnatches 226 2244
daysnear 1905
daysneatness 1781
daysnedbut 603 2244
daysnever 107 772 2244
daysnew 1701 1715 1879
daysno 221 341 444 548 551 610 832 1110 1256 1384 1705 1719 1737 1883 1918 1931 2242 2243 2244
daysnor 260 395 736 765 1294 1390 1435 1505 1612 1639 1702 1716 1761 1852 1880 2180 2242 2244
daysnot 631 1494 1495 1712 1713 1816 2046 2096 2110 2158 2244
daysnotes 415 416 1413 2244
daysnov 1154 2243
daysnow 405 421 629 1625 1639 1701 1715 1879 1985 1987 2168 2244
daysnuma 1735
dayso 67 102 172 292 315 383 395 417 654 669 729 765 789 801 826 934 1106 1384 1390 1505 1506 1612 1630 1704 1706 1711 1712 1714 1718 1720 1830 1846 1875 1882 1884 1930 1971 1987 2035 2090 2091 2164 2166 2242 2243 2244
daysoct 1154 2243
daysodde 1718
daysof 221 551 556 704 831 848 950 1076 1128 1450 1833 1987 2125 2180 2243 2244
daysoflahertyagreed 347 2244
daysoft 294 844 1403 2243 2244
daysoh 1496 1701 1705 1715 1719 1879 1883
daysoheavens 320 2244
daysold 793 2198 2243
daysole 1712
daysome 199 292 293 439 628 891 997 1106 1240 1343 1505 1706 1720 1884 2046 2180 2242 2243 2244
daysomething 1950
daysometimes 556 1987 2244
dayson 533 629 1267 1323 1324 1451 1476 1570 1573 1701 1704 1715 1718 1740 1744 1874 1879 1882 1898 1987 2002 2084 2093 2133 2242 2244
daysonce 180 2244
daysone 704 975 1476 2133 2217 2243 2244
daysong 843 1985 2243
daysongihark 485 2244
daysoni 1286 2242
daysons 300 636 2244
daysoon 266 801 1412 1712 2243 2244
daysoote 2093
daysor 221 260 1035 1390 1422 1612 1679 1987 2180 2243 2244
daysorabut 978 2243
daysore 1711
daysotmif 65 2244
daysoufhere 226 2244
daysound 395 402 2244
daysounds 144 1403 1703 1717 1881 2030 2244
daysour 396 875 1145 1524 1996 2243 2244
daysover 2072
daysovreign 636 2244
daysowen 1905
daysowr 1110 2243
dayspaint 1451
dayspar 1839
daysparkno‚∫ 108 2244
daysparliament 1154 2243
dayspass 2025
dayspattyi 766 2244
dayspattyriggilesay 766 2244
dayspeak 636 2244
dayspeaking 1145 2243
dayspecific 1532 1533 1534 1535 1536 1537 1538 1539 1593
dayspeed 109 2244
dayspennant 1580
daysperhaps 957 2243
dayspermit 300 1653 2244
dayspersons 1503
daysphidias 629 2244
daysphil 1519
daysphoebe 91 2244
dayspipeing 2021
daysplague 1096 2243
daysplain 736 2244
dayspleaders 778 2244
dayspleasd 395 448 1109 1507 1719 2243 2244
dayspleasing 2091
dayspoils 1110 2243
dayspoken 697 842 2243 2244
dayspolbless 1616
dayspossessd 1966
dayspraise 636 2244
dayspray 2151
daysprayr 1758 2046 2206 2232
dayspreachers 1507
dayspreads 294 2244
dayspring 293 486 488 532 533 551 572 636 827 873 1378 1450 1486 1542 1544 1610 1699 1706 1714 1720 1749 1798 1799 1884 1912 1929 1930 1933 2007 2087 2090 2242 2243 2244
daysprings 635 2244
daysprithee 1978
daysprivate 1476
daysproduce 1996
dayspursuing 832 1550 2243
daysquadrillesee 403 2244
daysquixme 1468
daysr 216 2244
daysralph 1153 2243
daysrather 1576
daysray 2017
daysraymondsay 690 2244
daysreach 833 2243
daysreading 2201
daysrecord 1711
daysredeunt 1821
daysreflectionin 2004
daysregard 395 419 839 2243 2244
daysregistr 2040
daysresignd 1701 1715 1879
daysrestore 2094
daysrevive 725 2244
daysrobinhear 872 2243
daysroll 1496
daysrolld 294 2244
daysrome 1906
daysroscommon 422 1410 1413 2244
daysround 1730
dayssacred 840 2243
dayssadpining 844 2243
dayssafe 415 2244
dayssaid 591 2244
dayssalomon 1623
dayssanchopoison 868 2243
dayssandersons 2028
dayssaw 342 533 834 2243 2244
daysscene 1846
dayssecluded 1852
dayssection 1491
dayssed 1911
dayssedleybut 1217 2242
dayssee 1824
dayssees 1679
dayssend 1404
dayssept 1154 1384 2242 2243
daysshall 124 534 772 983 1109 1336 1524 1845 1898 2176 2242 2243 2244
daysshe 300 396 416 1494 1495 1913 2244
daysshes 310 2244
daysshoud 1276 2242
daysshould 890 2243
dayssilthe 912 2243
dayssilver 1441
dayssince 1514 1543
dayssir 154 254 283 602 876 975 2074 2217 2243 2244
daysslip 338 2244
daysslipand 781 2244
daysso 444 1412 1712 1754 2244
dayssolutionhere 988 2243
dayssome 503 1579 1679 2244
dayssoon 617 1412 2244
daysspare 1275 2242
daysspent 1987
daysspoke 340 833 2243 2244
dayssprung 1110 2243
daysst 1995
daysstarts 395 419 839 997 2243 2244
daysstill 68 1758 2244
daysstockyes 187 925 2243 2244
daysstout 1403
daysstrengthens 840 2243
daysstruck 1505
dayssucceeds 635 2244
dayssuch 1711 2087 2133
dayssulhow 1681
dayssummer 2091
dayssummoned 1439
dayssung 1544
dayssure 793 2243
dayst 729 1802 1995 2244
daystand 1706 1720 1884
daystands 654 1583 1662 2244
daystanwhile 761 2244
daystanzas 2089
daystar 143 572 574 809 853 1035 1123 1149 1294 1413 1486 1618 1983 2012 2242 2243 2244
daystars 171 1894 2244
daystatim 1522
daystbe 1171 2243
daysteal 821 2243
daysteals 2087 2095
daysteam 294 2244
daysteer 1403
daystells 532 2244
daystempting 551 2244
daystephenportrait 2057
daysth 1343 2242
daysthat 293 395 533 770 1035 1507 1574 1950 1964 2037 2243 2244
daysthe 175 209 269 290 293 300 316 340 368 395 422 448 533 534 638 653 677 682 713 779 806 822 833 837 839 840 843 848 909 1013 1108 1126 1171 1174 1245 1289 1309 1311 1342 1349 1354 1372 1386 1403 1411 1437 1441 1451 1472 1473 1491 1516 1613 1619 1653 1656 1658 1668 1671 1679 1682 1685 1699 1703 1704 1705 1714 1717 1718 1719 1749 1753 1763 1769 1776 1779 1780 1801 1802 1852 1858 1871 1881 1882 1883 1904 1906 1960 1961 1968 1987 2002 2007 2017 2020 2052 2064 2097 2101 2105 2120 2129 2133 2181 2190 2242 2243 2244
daysthee 311 2244
daystheir 1651 1701 1715 1879 1997
daystheirs 762 2244
daysthen 843 1613 1711 2180 2243
daystheoh 165 2244
daysthere 368 1233 1434 1570 1662 1905 1921 2017 2242 2244
daysthese 368 372 1323 1776 1780 2029 2242 2244
daysthey 369 703 1762 1778 1801 1917 1986 2244
daysthird 1618
daysthis 160 203 294 319 363 366 844 864 1053 1076 1094 1274 1277 1397 1412 1498 1566 1597 1659 1724 1735 1816 1891 2001 2007 2028 2072 2242 2243 2244
daystho 2111
daysthobut 1286 2242
daysthomas 1410
daysthose 294 627 979 2047 2243 2244
daysthou 1514 1711
daysthough 704 1676 1713 2244
daysthrice 1109 1816 2243
daysthro 1986
daysthus 1378 1507 1582 2242
daysthy 340 704 833 1706 1720 1884 2028 2243 2244
daystill 636 684 766 843 1404 1587 1618 1713 1825 1852 2031 2094 2111 2124 2243 2244
daystimantheshave 360 2244
daystis 118 1206 2243 2244
daysto 418 438 515 516 533 576 593 652 703 704 772 827 908 1014 1145 1240 1369 1390 1404 1451 1476 1496 1514 1524 1544 1598 1612 1618 1661 1662 1702 1714 1716 1740 1758 1845 1846 1852 1880 1983 1986 2046 2127 2181 2213 2242 2243 2244
daystoleration 1247 2242
daystouchstonethe 1846
daystrengths 1012 2243
daystretch 1701 1715 1879
daystretchd 2125
daystrict 256 1609 2244
daystrictly 720 2244
daystrikes 1108 2243
daystript 846 2243
daystrom 2684
daystrong 1108 2243
daystruck 1505
daystrue 532 2244
daystruemthrowing 691 2244
daystruts 491 2244
daystund 112 1508 2244
daystung 1517
daystwo 717 1636 1712 1737 2244
daysu 2052
daysubaltern 1542
daysubdud 1985
daysucceeding 516 2244
daysuch 180 293 832 1009 1078 1111 1471 1473 1505 1565 1592 1703 1717 1849 1881 1900 2071 2243 2244
daysudden 1704 1718 1882
daysultan 1491
daysummond 1390
daysunblest 165 2244
daysunday 1323 1324 2242
daysunk 395 439 2046 2244
daysunlike 2097
daysunmovd 1390 1612
daysuntaught 590 2244
daysupbraid 294 2244
daysupbraids 1476
daysupon 1657 2041
daysupplies 840 2243
daysure 840 1471 2243
daysurely 1094 2243
daysurmount 1547
daysusd 938 2243
daysuspend 1014 2243
daysuspending 2087
daysvainly 1619
daysveledaand 259 2244
daysver 340 833 2243 2244
daysvictorious 1524
daysvioyou 606 2244
daysvirg 416 2244
daysvol 1521
daysvouchsafd 218 2244
daysvtheft 2180
daysvvhen 293 2244
daysw 1405
dayswainfleetmagdalen 1507
dayswants 144 1701 1715 1879 2046 2244
dayswarburton 1740
dayswarms 712 1929 2244
dayswe 281 1053 1269 1496 1566 1618 1632 1997 2023 2242 2243 2244
dayswednesday 2181
daysweek 272 2244
daysweeks 2382
daysweet 1418 1473 1506 1713 1852
daysweeter 1821
daysweetly 1633 1795
daysweetwilliam 2090
dayswell 218 2244
dayswere 842 983 1703 1717 1881 1985 2243
dayswhat 342 834 1411 1471 2114 2243 2244
dayswhatever 963 2243
dayswhen 71 123 203 278 292 331 335 339 340 395 396 428 439 532 533 549 550 570 608 669 703 706 833 836 997 1086 1113 1116 1128 1403 1404 1476 1484 1505 1507 1514 1524 1638 1679 1712 1713 1714 1731 1758 1816 1898 1987 2031 2046 2047 2097 2167 2243 2244
dayswhere 284 489 551 739 938 1108 1806 1918 1931 2007 2243 2244
dayswherein 1619
dayswhich 60 448 1524 2244
dayswhile 202 341 395 636 832 1108 1390 1643 1711 1712 2052 2243 2244
dayswhilst 1505
dayswhitechapelon 1668
dayswho 137 213 551 705 974 1135 1410 1476 1711 2095 2097 2243 2244
dayswhod 1821
dayswhom 849 2243
dayswhose 246 398 435 840 1218 1412 1476 2242 2243 2244
dayswhosoever 1801
dayswhouse 1852
dayswhy 417 1524 1706 1720 1884 2244
dayswi 417 2244
dayswifewhat 1287 2242
dayswift 1845
dayswifter 1929
dayswill 262 859 1543 2243 2244
dayswillwhy 1301 2242
dayswilon 1198 2243
dayswise 534 2244
dayswitches 291 2244
dayswith 165 218 739 878 907 1294 1403 1451 1543 1613 1703 1706 1713 1714 1717 1720 1795 1845 1881 1884 1997 2092 2242 2243 2244
dayswithin 1014 1618 1983 2243
dayswives 334 2244
dayswomen 1496
dayswordknota 1661
dayswords 95 2244
dayswore 242 2244
dayswork 1170 2243
daysworks 1473 1566
dayswoud 427 444 2244
dayswrapt 1506 1816
daysxerxes 2051
daysxiverse 1111 2243
daysxvii 1569
daysxviii 1569
daysxxii 1569
daysxxiii 1569
daysxxiv 1569
daysxxivthus 1704 1718 1882
daysxxix 1569
daysxxv 1569
daysxxvi 1569
daysxxvihalfraisd 1485
daysxxvii 1569
daysxxviii 1569
daysxxx 1569
daysy 716 1503 2244
daysye 952 2243
daysyear 2457
daysyears‚‚lsd1595‚ê‚ê2001596‚ê‚ê2801597‚ê‚ê3961598‚ê‚ê21681599‚ê‚ê11921600‚ê‚ê11781601‚ê‚ê114101602‚ê‚ê1941603‚ê‚ê11541604‚ê‚ê11081605‚ê‚ê115101606‚ê‚ê11301607‚ê‚ê11681608‚ê‚ê21681609‚ê‚ê21001610‚ê‚ê115101611‚ê‚ê11881612‚ê‚ê2241613‚ê‚ê2881614‚ê‚ê218‚æ1615‚ê‚ê11881616‚ê‚ê2041617‚ê‚ê2881618‚ê‚ê2681619‚ê‚ê11541620‚ê‚ê1104‚‚265406‚æ‚‚‚216 1526
daysyet 416 718 1108 1524 1704 1718 1852 1882 2243 2244
daysyethere 2036
daysylvanusfair 1852 2093
daysyne 1022 2243
daysyou 353 499 1466 2080 2244
daysyour 918 1096 1109 1521 1701 1715 1879 2243
daysyours 1266 2242
daysyr 2329
dayszobeidemy 2171
days‚the 2070
days‚ê 116 320 514 723 770 1296 1298 1436 1503 1807 2242 2244
days‚ê213192424‚‚‚15hours‚ê21‚‚514537525minutes‚ê36‚‚129place 1607
days‚ê21‚223447‚122159‚55241hours‚ê21‚113146‚‚551‚‚247minuted‚ê36‚‚146‚‚‚10‚‚‚5mean 1607
days‚êa 264 368 1096 1439 2007 2243 2244
days‚êabout 495 2244
days‚êadelindabravo 827 2243
days‚êadelindapeace 827 2243
days‚êah 116 1671 2244
days‚êand 272 349 521 526 527 531 573 1093 1180 1439 1653 1656 1736 1862 2095 2243 2244
days‚êare 843 2243
days‚êas 263 1008 2243 2244
days‚êat 1027 2243
days‚êbe 566 2244
days‚êberengeriathen 1125 2243
days‚êbianca 1584
days‚êbut 267 306 401 402 526 532 897 1268 1559 1644 1816 1872 1986 2084 2242 2243 2244
days‚êcalm 209 2244
days‚êcan 1191 2243
days‚êcurse 603 2244
days‚êdays 263 2244
days‚êde 2118
days‚êdetested 1689
days‚êdies 2068
days‚êdiffer 2068
days‚êdo 1268 2242
days‚êdoctor 2007
days‚êdupe 1439
days‚êduring 1027 2243
days‚êe 431 2244
days‚êec 403 2244
days‚êegad 1364 2242
days‚êevery 1018 2243
days‚êfikakaka 1024 2243
days‚êfor 1945 1947 2103
days‚êfrom 1119 2243
days‚êg 633 2244
days‚êgive 301 2244
days‚êgood 521 524 1632 2244
days‚êha 306 2244
days‚êhappy 263 2244
days‚êhave 1076 1092 2243
days‚êhe 1027 1268 2242 2243
days‚êhere 1194 2243
days‚êhes 741 2244
days‚êhow 1006 1267 2242 2243
days‚êi 263 272 320 527 737 827 899 1026 1027 1095 1139 1180 1266 1662 1704 1718 1882 2105 2242 2243 2244
days‚êif 527 1845 2244
days‚êin 1114 1439 2243
days‚êits 2017
days‚êlady 264 2244
days‚êladyoh 603 2244
days‚êleono 135 2244
days‚êlike 1479
days‚êlittle 526 2244
days‚êll 781 2244
days‚êlouis 172 2244
days‚êlying 485 2244
days‚êmargarita 1267 2242
days‚êmary 1268 2242
days‚êmay 390 1741 2244
days‚êmegistusin 983 2243
days‚êmiss 870 1004 2243
days‚êmorathe‚êonly 871 2243
days‚êmurdered 172 2244
days‚êmy 1929 1979 2072 2171
days‚ênay 1583
days‚êno 272 647 2068 2244
days‚ênor 521 530 2244
days‚ênot 1876 2151
days‚ênow 1476
days‚êo 1845 2094
days‚êof 1096 2243
days‚êoh 117 2244
days‚êonce 1078 2243
days‚êonly 1092 2243
days‚êprepare 1690
days‚êshe 169 1077 2243 2244
days‚êsir 306 770 2244
days‚êso 1017 2243
days‚êsometimes 1026 2068 2243
days‚êstill 1433
days‚êsuppose 1460
days‚êtell 1295 2242
days‚êten 1439
days‚êthat 2082
days‚êthe 531 624 799 802 974 1153 1653 1876 2017 2026 2082 2243 2244
days‚êthere 526 1653 2244
days‚êthese 829 2243
days‚êthey 2068
days‚êthings 802 2243
days‚êthis 265 2244
days‚êtho 1301 2242
days‚êthough 1947
days‚êthree 1662
days‚êthro 983 2243
days‚êto 525 570 2244
days‚êvery 2068
days‚êwas 1059 2243
days‚êwe 2234
days‚êwell 91 774 1519 2244
days‚êwhat 270 682 1673 2244
days‚êwhen 895 1466 2171 2243
days‚êwhich 527 2244
days‚êwill 1939
days‚êwingatethe 1364 2242
days‚êwrote 1116 2243
days‚êyes 1026 1100 2243
days‚êyou 169 2244
days‚êyour 315 1437 2244
days‚ê‚êbut 280 2244
daytadmors 1718
daytadnors 1145 2243
dayteems 360 2244
daytelemachus 286 1803 2244
daytell 665 1390 1505 1612 1701 2244
daytells 2038
daytempt 395 448 2244
dayth 110 342 715 831 835 1378 1609 1712 2030 2095 2242 2243 2244
daytha 2157
daythai 2037
daythair 1022 2243
daythan 932 1279 1390 1929 2242 2243
daythank 1722
daythat 63 141 154 259 293 298 302 421 434 491 532 533 570 619 620 625 629 635 636 653 660 698 729 761 789 890 940 973 983 998 1012 1014 1035 1036 1106 1135 1165 1169 1216 1294 1419 1421 1432 1461 1496 1505 1506 1542 1557 1573 1634 1639 1701 1703 1704 1705 1711 1712 1715 1717 1718 1719 1738 1822 1846 1879 1881 1882 1883 1930 1964 1985 1996 2037 2041 2047 2073 2091 2095 2096 2134 2176 2242 2243 2244 2448
daythatching 1215 2242
daythay 1022 2243
daythe 60 78 82 90 95 97 102 115 120 122 144 154 161 165 175 180 203 218 225 233 238 256 260 264 270 278 291 292 293 294 295 334 339 342 344 360 366 369 394 395 404 420 438 439 467 488 489 491 519 521 532 533 534 545 550 551 564 567 573 600 610 611 635 652 654 684 689 696 736 744 771 787 789 801 811 820 835 836 839 840 842 844 848 874 890 934 935 943 963 993 997 1014 1019 1021 1036 1039 1050 1076 1078 1089 1092 1107 1108 1109 1110 1111 1121 1135 1145 1152 1171 1179 1204 1238 1249 1250 1259 1260 1261 1262 1263 1265 1270 1274 1277 1279 1296 1300 1303 1304 1311 1313 1323 1327 1341 1349 1371 1378 1381 1390 1399 1404 1411 1412 1413 1418 1419 1432 1434 1435 1466 1479 1485 1495 1496 1500 1506 1507 1509 1517 1527 1543 1547 1558 1560 1566 1583 1593 1595 1597 1612 1618 1619 1622 1630 1634 1639 1651 1653 1678 1679 1682 1687 1699 1700 1701 1702 1703 1704 1705 1706 1711 1712 1713 1714 1715 1716 1717 1718 1719 1722 1726 1730 1731 1742 1750 1754 1758 1769 1770 1771 1772 1780 1781 1786 1789 1801 1816 1822 1824 1838 1839 1845 1846 1852 1858 1864 1871 1878 1879 1880 1881 1882 1883 1898 1905 1906 1910 1916 1918 1924 1926 1927 1930 1931 1932 1951 1964 1984 1985 1986 1987 1995 1997 2002 2007 2017 2020 2023 2026 2035 2037 2041 2043 2044 2046 2047 2048 2052 2061 2062 2065 2066 2069 2070 2073 2076 2079 2083 2086 2087 2088 2089 2090 2091 2105 2111 2114 2125 2179 2180 2194 2206 2212 2232 2234 2238 2242 2243 2244
daythee 1327 2046 2242
daytheffects 1626
daytheir 278 300 932 1152 1279 1305 1390 1505 1612 1619 1703 1706 1717 1720 1873 1884 1898 1987 2242 2243 2244
daythem 1542
daythemistocles 1542
daythen 134 203 293 294 345 390 489 504 532 533 534 696 840 844 963 1102 1108 1109 1110 1111 1244 1399 1418 1451 1466 1471 1473 1485 1494 1495 1505 1507 1524 1542 1547 1595 1599 1691 1700 1703 1712 1736 1758 1768 1852 1867 1910 1931 1974 1986 2035 2047 2087 2242 2243 2244
daythere 70 95 293 534 888 1022 1256 1296 1404 1473 1505 1662 1675 1678 1682 1699 1701 1704 1711 1718 1731 1758 1775 1811 1879 1882 2017 2041 2049 2086 2181 2242 2243 2244
daytherefore 338 2244
daytheres 789 1505 2182 2244
daythese 201 291 569 604 1204 1378 1498 1702 1706 1716 1720 1880 1884 2040 2052 2095 2227 2242 2243 2244
daytheseus 165 2244
daythey 91 109 220 294 327 395 590 718 738 795 1012 1279 1349 1420 1498 1543 1634 1653 1706 1713 1720 1760 1878 1881 1884 1929 1985 2089 2090 2120 2242 2243 2244
daytheyd 1457 1731
daythick 291 2244
daythine 840 2243
daythings 2634 2662
daythink 339 836 1451 2243 2244
daythinternal 840 2243
daythirdly 1995
daythis 67 93 180 182 190 203 292 366 369 558 713 794 840 1077 1096 1109 1121 1242 1296 1327 1378 1409 1439 1447 1498 1547 1598 1639 1661 1675 1701 1706 1712 1715 1720 1757 1768 1772 1846 1852 1871 1877 1879 1884 1918 1948 1971 2007 2017 2041 2046 2054 2071 2086 2109 2133 2224 2227 2228 2242 2243 2244 2511
daythither 1711 1985 2047
daytho 144 183 300 332 339 342 834 836 843 1114 1200 1426 1711 1713 1714 2092 2243 2244
daythomasand 1463
daythonor 1631
daythose 154 218 1294 1476 1773 2073 2096 2133 2242 2244
daythou 293 486 488 503 551 570 629 636 669 986 1096 1306 1514 1622 1629 1630 1715 1879 1918 1922 1930 2092 2129 2242 2243 2244
daythough 532 1780 2007 2244
daythought 1703 1717 1881 2031
daythoughts 1661
daythoult 1471
daythoyes 1286 2242